t                 field             
    0.00000000E+00    0.00000000E+00
    1.00100100E-01    9.98660772E-03
    2.00200200E-01    3.95475015E-02
    3.00300300E-01    8.75018293E-02
    4.00400400E-01    1.51933987E-01
    5.00500501E-01    2.30270139E-01
    6.00600601E-01    3.19381037E-01
    7.00700701E-01    4.15707017E-01
    8.00800801E-01    5.15400201E-01
    9.00900901E-01    6.14478203E-01
    1.00100100E+00    7.08983208E-01
    1.10110110E+00    7.95140081E-01
    1.20120120E+00    8.69507160E-01
    1.30130130E+00    9.29113747E-01
    1.40140140E+00    9.71578772E-01
    1.50150150E+00    9.95205908E-01
    1.60160160E+00    9.99051335E-01
    1.70170170E+00    9.82961443E-01
    1.80180180E+00    9.47578964E-01
    1.90190190E+00    8.94317304E-01
    2.00200200E+00    8.25304075E-01
    2.10210210E+00    7.43296108E-01
    2.20220220E+00    6.51569331E-01
    2.30230230E+00    5.53787900E-01
    2.40240240E+00    4.53857834E-01
    2.50250250E+00    3.55770983E-01
    2.60260260E+00    2.63445567E-01
    2.70270270E+00    1.80569656E-01
    2.80280280E+00    1.10453847E-01
    2.90290290E+00    5.58990162E-02
    3.00300300E+00    1.90844350E-02
    3.10310310E+00    1.48071408E-03
    3.20320320E+00    3.79105940E-03
    3.30330330E+00    2.59231809E-02
    3.40340340E+00    6.69929792E-02
    3.50350350E+00    1.25359863E-01
    3.60360360E+00    1.98692282E-01
    3.70370370E+00    2.84060870E-01
    3.80380380E+00    3.78055455E-01
    3.90390390E+00    4.76921290E-01
    4.00400400E+00    5.76709036E-01
    4.10410410E+00    6.73432531E-01
    4.20420420E+00    7.63228014E-01
    4.30430430E+00    8.42508479E-01
    4.40440440E+00    9.08106951E-01
    4.50450450E+00    9.57403008E-01
    4.60460460E+00    9.88427447E-01
    4.70470470E+00    9.99940953E-01
    4.80480480E+00    9.91483602E-01
    4.90490490E+00    9.63393236E-01
    5.00500501E+00    9.16791963E-01
    5.10510511E+00    8.53541339E-01
    5.20520521E+00    7.76168001E-01
    5.30530531E+00    6.87762736E-01
    5.40540541E+00    5.91857021E-01
    5.50550551E+00    4.92281945E-01
    5.60560561E+00    3.93015178E-01
    5.70570571E+00    2.98022073E-01
    5.80580581E+00    2.11097265E-01
    5.90590591E+00    1.35713090E-01
    6.00600601E+00    7.48808772E-02
    6.10610611E+00    3.10306560E-02
    6.20620621E+00    5.91408627E-03
    6.30630631E+00    5.34485349E-04
    6.40640641E+00    1.51067491E-02
    6.50650651E+00    4.90487676E-02
    6.60660661E+00    1.01004678E-01
    6.70670671E+00    1.68899028E-01
    6.80680681E+00    2.50019680E-01
    6.90690691E+00    3.41126153E-01
    7.00700701E+00    4.38579070E-01
    7.10710711E+00    5.38485533E-01
    7.20720721E+00    6.36854637E-01
    7.30730731E+00    7.29756887E-01
    7.40740741E+00    8.13481169E-01
    7.50750751E+00    8.84682997E-01
    7.60760761E+00    9.40518112E-01
    7.70770771E+00    9.78756101E-01
    7.80780781E+00    9.97869493E-01
    7.90790791E+00    9.97094775E-01
    8.00800801E+00    9.76462895E-01
    8.10810811E+00    9.36798023E-01
    8.20820821E+00    8.79684629E-01
    8.30830831E+00    8.07404189E-01
    8.40840841E+00    7.22844050E-01
    8.50850851E+00    6.29382085E-01
    8.60860861E+00    5.30751768E-01
    8.70870871E+00    4.30893028E-01
    8.80880881E+00    3.33794865E-01
    8.90890891E+00    2.43336003E-01
    9.00900901E+00    1.63129952E-01
    9.10910911E+00    9.63806577E-02
    9.20920921E+00    4.57545151E-02
    9.30930931E+00    1.32738583E-02
    9.40940941E+00    2.36173776E-04
    9.50950951E+00    7.16227036E-03
    9.60960961E+00    3.37754752E-02
    9.70970971E+00    7.90126859E-02
    9.80980981E+00    1.41066837E-01
    9.90990991E+00    2.17459087E-01
    1.00100100E+01    3.05137838E-01
    1.01101101E+01    4.00600637E-01
    1.02102102E+01    5.00034086E-01
    1.03103103E+01    5.99466173E-01
    1.04104104E+01    6.94924942E-01
    1.05105105E+01    7.82597155E-01
    1.06106106E+01    8.58980620E-01
    1.07107107E+01    9.21024090E-01
    1.08108108E+01    9.66249151E-01
    1.09109109E+01    9.92849222E-01
    1.10110110E+01    9.99761726E-01
    1.11111111E+01    9.86710533E-01
    1.12112112E+01    9.54216991E-01
    1.13113113E+01    9.03579102E-01
    1.14114114E+01    8.36819667E-01
    1.15115115E+01    7.56605490E-01
    1.16116116E+01    6.66140838E-01
    1.17117117E+01    5.69039454E-01
    1.18118118E+01    4.69180189E-01
    1.19119119E+01    3.70552066E-01
    1.20120120E+01    2.77094926E-01
    1.21121121E+01    1.92542048E-01
    1.22122122E+01    1.20271017E-01
    1.23123123E+01    6.31688049E-02
    1.24124124E+01    2.35164394E-02
    1.25125125E+01    2.89789154E-03
    1.26126126E+01    2.13679870E-03
    1.27127127E+01    2.12635638E-02
    1.28128128E+01    5.95141409E-02
    1.29129129E+01    1.15360556E-01
    1.30130130E+01    1.86571944E-01
    1.31131131E+01    2.70303664E-01
    1.32132132E+01    3.63210933E-01
    1.33133133E+01    4.61582437E-01
    1.34134134E+01    5.61488585E-01
    1.35135135E+01    6.58938484E-01
    1.36136136E+01    7.50039358E-01
    1.37137137E+01    8.31152052E-01
    1.38138138E+01    8.99036403E-01
    1.39139139E+01    9.50980674E-01
    1.40140140E+01    9.84909877E-01
    1.41141141E+01    9.99468661E-01
    1.42142142E+01    9.94075455E-01
    1.43143143E+01    9.68945697E-01
    1.44144144E+01    9.25083233E-01
    1.45145145E+01    8.64240211E-01
    1.46146146E+01    7.88847092E-01
    1.47147147E+01    7.01915563E-01
    1.48148148E+01    6.06918228E-01
    1.49149149E+01    5.07649891E-01
    1.50150150E+01    4.08075969E-01
    1.51151151E+01    3.12174083E-01
    1.52152152E+01    2.23775172E-01
    1.53153153E+01    1.46410458E-01
    1.54154154E+01    8.31703831E-02
    1.55155155E+01    3.65811641E-02
    1.56156156E+01    8.50387367E-03
    1.57157157E+01    6.00992424E-05
    1.58158158E+01    1.15871395E-02
    1.59159159E+01    4.26245303E-02
    1.60160160E+01    9.19324387E-02
    1.61161161E+01    1.57541190E-01
    1.62162162E+01    2.36829948E-01
    1.63163163E+01    3.26631411E-01
    1.64164164E+01    4.23358329E-01
    1.65165165E+01    5.23146810E-01
    1.66166166E+01    6.22010657E-01
    1.67167167E+01    7.16000615E-01
    1.68168168E+01    8.01362118E-01
    1.69169169E+01    8.74685281E-01
    1.70170170E+01    9.33041104E-01
    1.71171171E+01    9.74098481E-01
    1.72172172E+01    9.96217315E-01
    1.73173173E+01    9.98514039E-01
    1.74174174E+01    9.80896906E-01
    1.75175175E+01    9.44069658E-01
    1.76176176E+01    8.89503412E-01
    1.77177177E+01    8.19377895E-01
    1.78178178E+01    7.36494371E-01
    1.79179179E+01    6.44163741E-01
    1.80180180E+01    5.46074284E-01
    1.81181181E+01    4.46144324E-01
    1.82182182E+01    3.48365706E-01
    1.83183183E+01    2.56644337E-01
    1.84184184E+01    1.74644158E-01
    1.85185185E+01    1.05640783E-01
    1.86186186E+01    5.23906521E-02
    1.87187187E+01    1.70209167E-02
    1.88188188E+01    9.44471991E-04
    1.89189189E+01    4.80351439E-03
    1.90190190E+01    2.84438890E-02
    1.91191191E+01    7.09212471E-02
    1.92192192E+01    1.30538770E-01
    1.93193193E+01    2.04914950E-01
    1.94194194E+01    2.91078725E-01
    1.95195195E+01    3.85588160E-01
    1.96196196E+01    4.84667938E-01
    1.97197197E+01    5.84360178E-01
    1.98198198E+01    6.80682530E-01
    1.99199199E+01    7.69787260E-01
    2.00200200E+01    8.48114952E-01
    2.01201201E+01    9.12536694E-01
    2.02202202E+01    9.60479067E-01
    2.03203203E+01    9.90026945E-01
    2.04204204E+01    9.99999995E-01
    2.05205205E+01    9.89999831E-01
    2.06206206E+01    9.60425922E-01
    2.07207207E+01    9.12459640E-01
    2.08208208E+01    8.48017068E-01
    2.09209209E+01    7.69672457E-01
    2.10210210E+01    6.80555393E-01
    2.11211211E+01    5.84225786E-01
    2.12212212E+01    4.84531659E-01
    2.13213213E+01    3.85455437E-01
    2.14214214E+01    2.90954862E-01
    2.15215215E+01    2.04804894E-01
    2.16216216E+01    1.30446916E-01
    2.17217217E+01    7.08512658E-02
    2.18218218E+01    2.83985755E-02
    2.19219219E+01    4.78467893E-03
    2.20220220E+01    9.52866917E-04
    2.21221221E+01    1.70562067E-02
    2.22222222E+01    5.24514274E-02
    2.23223223E+01    1.05724616E-01
    2.24224224E+01    1.74747699E-01
    2.25225225E+01    2.56763451E-01
    2.26226226E+01    3.48495635E-01
    2.27227227E+01    4.46279877E-01
    2.28228228E+01    5.46210047E-01
    2.29229229E+01    6.44294290E-01
    2.30230230E+01    7.36614491E-01
    2.31231231E+01    8.19482788E-01
    2.32232232E+01    8.89588887E-01
    2.33233233E+01    9.44132302E-01
    2.34234234E+01    9.80934215E-01
    2.35235235E+01    9.98524524E-01
    2.36236236E+01    9.96200557E-01
    2.37237237E+01    9.74055149E-01
    2.38238238E+01    9.32972929E-01
    2.39239239E+01    8.74594987E-01
    2.40240240E+01    8.01253311E-01
    2.41241241E+01    7.15877641E-01
    2.42242242E+01    6.21878430E-01
    2.43243243E+01    5.23010611E-01
    2.44244244E+01    4.23223599E-01
    2.45245245E+01    3.26503531E-01
    2.46246246E+01    2.36714028E-01
    2.47247247E+01    1.57441859E-01
    2.48248248E+01    9.18536659E-02
    2.49249249E+01    4.25694618E-02
    2.50250250E+01    1.15579751E-02
    2.51251251E+01    5.80039124E-05
    2.52252252E+01    8.52893115E-03
    2.53253253E+01    3.66323735E-02
    2.54254254E+01    8.32456986E-02
    2.55255255E+01    1.46506871E-01
    2.56256256E+01    2.23888832E-01
    2.57257257E+01    3.12300448E-01
    2.58258258E+01    4.08209992E-01
    2.59259259E+01    5.07786219E-01
    2.60260260E+01    6.07051414E-01
    2.61261261E+01    7.02040288E-01
    2.62262262E+01    7.88958373E-01
    2.63263263E+01    8.64333602E-01
    2.64264264E+01    9.25155005E-01
    2.65265265E+01    9.68992982E-01
    2.66266266E+01    9.94096363E-01
    2.67267267E+01    9.99462359E-01
    2.68268268E+01    9.84876615E-01
    2.69269269E+01    9.50921782E-01
    2.70270270E+01    8.98954233E-01
    2.71271271E+01    8.31049886E-01
    2.72272272E+01    7.49921278E-01
    2.73273273E+01    6.58809206E-01
    2.74274274E+01    5.61353274E-01
    2.75275275E+01    4.61446497E-01
    2.76276276E+01    3.63079795E-01
    2.77277277E+01    2.70182567E-01
    2.78278278E+01    1.86465725E-01
    2.79279279E+01    1.15273458E-01
    2.80280280E+01    5.94496434E-02
    2.81281281E+01    2.12242431E-02
    2.82282282E+01    2.12422552E-03
    2.83283283E+01    2.91256812E-03
    2.84284284E+01    2.35577794E-02
    2.85285285E+01    6.32351570E-02
    2.86286286E+01    1.20359731E-01
    2.87287287E+01    1.92649579E-01
    2.88288288E+01    2.77216979E-01
    2.89289289E+01    3.70683766E-01
    2.90290290E+01    4.69316275E-01
    2.91291291E+01    5.69174489E-01
    2.92292292E+01    6.66269429E-01
    2.93293293E+01    7.56722499E-01
    2.94294294E+01    8.36920421E-01
    2.95295295E+01    9.03659575E-01
    2.96296296E+01    9.54273970E-01
    2.97297297E+01    9.86741741E-01
    2.98298298E+01    9.99765917E-01
    2.99299299E+01    9.92826228E-01
    3.00300300E+01    9.66199890E-01
    3.01301301E+01    9.20950530E-01
    3.02302302E+01    8.58885699E-01
    3.03303303E+01    7.82484666E-01
    3.04304304E+01    6.94799378E-01
    3.05305305E+01    5.99332550E-01
    3.06306306E+01    4.99897742E-01
    3.07307307E+01    4.00467018E-01
    3.08308308E+01    3.05012282E-01
    3.09309309E+01    2.17346609E-01
    3.10310310E+01    1.40971930E-01
    3.11311311E+01    7.89391415E-02
    3.12312312E+01    3.37262312E-02
    3.13313313E+01    7.13929381E-03
    3.14314314E+01    2.40382522E-04
    3.15315315E+01    1.33050843E-02
    3.16316316E+01    4.58115108E-02
    3.17317317E+01    9.64611464E-02
    3.18318318E+01    1.63230719E-01
    3.19319319E+01    2.43453022E-01
    3.20320320E+01    3.33923462E-01
    3.21321321E+01    4.31028066E-01
    3.22322322E+01    5.30887853E-01
    3.23323323E+01    6.29513781E-01
    3.24324324E+01    7.22966095E-01
    3.25325325E+01    8.07511709E-01
    3.26326326E+01    8.79773329E-01
    3.27327327E+01    9.36864359E-01
    3.28328328E+01    9.76504217E-01
    3.29329329E+01    9.97109433E-01
    3.30330330E+01    9.97856901E-01
    3.31331331E+01    9.78716763E-01
    3.32332332E+01    9.40453598E-01
    3.33333333E+01    8.84595885E-01
    3.34334334E+01    8.13374938E-01
    3.35335335E+01    7.29635781E-01
    3.36336336E+01    6.36723494E-01
    3.37337337E+01    5.38349592E-01
    3.38338338E+01    4.38443761E-01
    3.39339339E+01    3.40996881E-01
    3.40340340E+01    2.49901609E-01
    3.41341341E+01    1.68796874E-01
    3.42342342E+01    1.00922523E-01
    3.43343343E+01    4.89898919E-02
    3.44344344E+01    1.50735052E-02
    3.45345345E+01    5.28201338E-04
    3.46346346E+01    5.93501311E-03
    3.47347347E+01    3.10779577E-02
    3.48348348E+01    7.49526643E-02
    3.49349349E+01    1.35806495E-01
    3.50350350E+01    2.11208556E-01
    3.51351351E+01    2.98146805E-01
    3.52352352E+01    3.93148368E-01
    3.53353353E+01    4.92418273E-01
    3.54354354E+01    5.91991041E-01
    3.55355355E+01    6.87889095E-01
    3.56356356E+01    7.76281650E-01
    3.57357357E+01    8.53637739E-01
    3.58358358E+01    9.16867263E-01
    3.59359359E+01    9.63444428E-01
    3.60360360E+01    9.91508641E-01
    3.61361361E+01    9.99938839E-01
    3.62362362E+01    9.88398265E-01
    3.63363363E+01    9.57347923E-01
    3.64364364E+01    9.08028163E-01
    3.65365365E+01    8.42409135E-01
    3.66366366E+01    7.63112085E-01
    3.67367367E+01    6.73304645E-01
    3.68368368E+01    5.76574303E-01
    3.69369369E+01    4.76785092E-01
    3.70370370E+01    3.77923233E-01
    3.71371371E+01    2.83937905E-01
    3.72372372E+01    1.98583487E-01
    3.73373373E+01    1.25269582E-01
    3.74374374E+01    6.69248206E-02
    3.75375375E+01    2.58798666E-02
    3.76376376E+01    3.77431986E-03
    3.77377377E+01    1.49121790E-03
    3.78378378E+01    1.91217626E-02
    3.79379379E+01    5.59616765E-02
    3.80380380E+01    1.10539337E-01
    3.81381381E+01    1.80674560E-01
    3.82382382E+01    2.63565695E-01
    3.83383383E+01    3.55901537E-01
    3.84384384E+01    4.53993598E-01
    3.85385385E+01    5.53923451E-01
    3.86386386E+01    6.51699254E-01
    3.87387387E+01    7.43415214E-01
    3.88388388E+01    8.25407604E-01
    3.89389389E+01    8.94401122E-01
    3.90390390E+01    9.47639723E-01
    3.91391391E+01    9.82996715E-01
    3.92392392E+01    9.99059712E-01
    3.93393393E+01    9.95187054E-01
    3.94394394E+01    9.71533441E-01
    3.95395395E+01    9.29043750E-01
    3.96396396E+01    8.69415293E-01
    3.97397397E+01    7.95030013E-01
    3.98398398E+01    7.08859337E-01
    3.99399399E+01    6.14345476E-01
    4.00400400E+01    5.15263921E-01
    4.01401401E+01    4.15572628E-01
    4.02402402E+01    3.19253906E-01
    4.03403403E+01    2.30155346E-01
    4.04404404E+01    1.51836116E-01
    4.05405405E+01    8.74247913E-02
    4.06406406E+01    3.94943735E-02
    4.07407407E+01    9.95951178E-03
    4.08408408E+01    1.85897335E-08
    4.09409409E+01    1.00137401E-02
    4.10410410E+01    3.96006639E-02
    4.11411411E+01    8.75788979E-02
    4.12412412E+01    1.52031883E-01
    4.13413413E+01    2.30384952E-01
    4.14414414E+01    3.19508181E-01
    4.15415415E+01    4.15841413E-01
    4.16416416E+01    5.15536480E-01
    4.17417417E+01    6.14610921E-01
    4.18418418E+01    7.09107064E-01
    4.19419419E+01    7.95250127E-01
    4.20420420E+01    8.69599000E-01
    4.21421421E+01    9.29183713E-01
    4.22422422E+01    9.71624068E-01
    4.23423423E+01    9.95224725E-01
    4.24424424E+01    9.99042922E-01
    4.25425425E+01    9.82926135E-01
    4.26426426E+01    9.47518173E-01
    4.27427427E+01    8.94233456E-01
    4.28428428E+01    8.25200521E-01
    4.29429429E+01    7.43176985E-01
    4.30430430E+01    6.51439397E-01
    4.31431431E+01    5.53652345E-01
    4.32432432E+01    4.53722074E-01
    4.33433433E+01    3.55640440E-01
    4.34434434E+01    2.63325456E-01
    4.35435435E+01    1.80464775E-01
    4.36436436E+01    1.10368386E-01
    4.37437437E+01    5.58363889E-02
    4.38438438E+01    1.90471431E-02
    4.39439439E+01    1.47024733E-03
    4.40440440E+01    3.80783585E-03
    4.41441441E+01    2.59665304E-02
    4.42442442E+01    6.70611701E-02
    4.43443443E+01    1.25450171E-01
    4.44444444E+01    1.98801101E-01
    4.45445445E+01    2.84183851E-01
    4.46446446E+01    3.78187687E-01
    4.47447447E+01    4.77057489E-01
    4.48448448E+01    5.76843763E-01
    4.49449449E+01    6.73560403E-01
    4.50450450E+01    7.63343925E-01
    4.51451451E+01    8.42607796E-01
    4.52452452E+01    9.08185709E-01
    4.53453453E+01    9.57458060E-01
    4.54454454E+01    9.88456594E-01
    4.55455455E+01    9.99943030E-01
    4.56456456E+01    9.91458526E-01
    4.57457457E+01    9.63342009E-01
    4.58458458E+01    9.16716632E-01
    4.59459459E+01    8.53444913E-01
    4.60460460E+01    7.76054331E-01
    4.61461461E+01    6.87636364E-01
    4.62462462E+01    5.91722994E-01
    4.63463463E+01    4.92145617E-01
    4.64464464E+01    3.92881995E-01
    4.65465465E+01    2.97897355E-01
    4.66466466E+01    2.10985995E-01
    4.67467467E+01    1.35619712E-01
    4.68468468E+01    7.48091217E-02
    4.69469469E+01    3.09833891E-02
    4.70470470E+01    5.89319616E-03
    4.71471471E+01    5.40806499E-04
    4.72472472E+01    1.51400290E-02
    4.73473473E+01    4.91076768E-02
    4.74474474E+01    1.01086864E-01
    4.75475475E+01    1.69001206E-01
    4.76476476E+01    2.50137770E-01
    4.77477477E+01    3.41255437E-01
    4.78478478E+01    4.38714384E-01
    4.79479479E+01    5.38621472E-01
    4.80480480E+01    6.36985770E-01
    4.81481481E+01    7.29877975E-01
    4.82482482E+01    8.13587376E-01
    4.83483483E+01    8.84770080E-01
    4.84484484E+01    9.40582593E-01
    4.85485485E+01    9.78795404E-01
    4.86486486E+01    9.97882047E-01
    4.87487487E+01    9.97080080E-01
    4.88488488E+01    9.76421537E-01
    4.89489489E+01    9.36731655E-01
    4.90490490E+01    8.79595901E-01
    4.91491491E+01    8.07296647E-01
    4.92492492E+01    7.22721988E-01
    4.93493493E+01    6.29250380E-01
    4.94494494E+01    5.30615681E-01
    4.95495495E+01    4.30757995E-01
    4.96496496E+01    3.33666280E-01
    4.97497497E+01    2.43219003E-01
    4.98498498E+01    1.63029211E-01
    4.99499499E+01    9.63001989E-02
    5.00500501E+01    4.56975531E-02
    5.01501502E+01    1.32426686E-02
    5.02502503E+01    2.32002192E-04
    5.03503504E+01    7.18528356E-03
    5.04504505E+01    3.38247539E-02
    5.05505506E+01    7.90862615E-02
    5.06506507E+01    1.41161771E-01
    5.07507508E+01    2.17571586E-01
    5.08508509E+01    3.05263409E-01
    5.09509510E+01    4.00734264E-01
    5.10510511E+01    5.00170430E-01
    5.11511512E+01    5.99599789E-01
    5.12512513E+01    6.95050491E-01
    5.13513514E+01    7.82709622E-01
    5.14514515E+01    8.59075513E-01
    5.15515516E+01    9.21097619E-01
    5.16516517E+01    9.66298378E-01
    5.17517518E+01    9.92872181E-01
    5.18518519E+01    9.99757499E-01
    5.19519520E+01    9.86679289E-01
    5.20520521E+01    9.54159979E-01
    5.21521522E+01    9.03498598E-01
    5.22522523E+01    8.36718888E-01
    5.23523524E+01    7.56488461E-01
    5.24524525E+01    6.66012235E-01
    5.25525526E+01    5.68904413E-01
    5.26526527E+01    4.69044105E-01
    5.27527528E+01    3.70420375E-01
    5.28528529E+01    2.76972889E-01
    5.29529530E+01    1.92434539E-01
    5.30530531E+01    1.20182332E-01
    5.31531532E+01    6.31024852E-02
    5.32532533E+01    2.34751348E-02
    5.33533534E+01    2.88325193E-03
    5.34534535E+01    2.14940889E-03
    5.35535536E+01    2.13029201E-02
    5.36536537E+01    5.95786711E-02
    5.37537538E+01    1.15447682E-01
    5.38538539E+01    1.86678186E-01
    5.39539540E+01    2.70424778E-01
    5.40540541E+01    3.63342081E-01
    5.41541542E+01    4.61718379E-01
    5.42542543E+01    5.61623892E-01
    5.43543544E+01    6.59067751E-01
    5.44544545E+01    7.50157420E-01
    5.45545546E+01    8.31254194E-01
    5.46546547E+01    8.99118544E-01
    5.47547548E+01    9.51039533E-01
    5.48548549E+01    9.84943103E-01
    5.49549550E+01    9.99474927E-01
    5.50550551E+01    9.94054510E-01
    5.51551552E+01    9.68898378E-01
    5.52552553E+01    9.25011430E-01
    5.53553554E+01    8.64146793E-01
    5.54554555E+01    7.88735790E-01
    5.55555556E+01    7.01790823E-01
    5.56556557E+01    6.06785034E-01
    5.57557558E+01    5.07513563E-01
    5.58558559E+01    4.07941952E-01
    5.59559560E+01    3.12047731E-01
    5.60560561E+01    2.23661533E-01
    5.61561562E+01    1.46314071E-01
    5.62562563E+01    8.30950986E-02
    5.63563564E+01    3.65299893E-02
    5.64564565E+01    8.47885275E-03
    5.65565566E+01    6.22317473E-05
    5.66566567E+01    1.16163403E-02
    5.67567568E+01    4.26796329E-02
    5.68568569E+01    9.20112419E-02
    5.69569570E+01    1.57640546E-01
    5.70570571E+01    2.36945888E-01
    5.71571572E+01    3.26759303E-01
    5.72572573E+01    4.23493065E-01
    5.73573574E+01    5.23283007E-01
    5.74574575E+01    6.22142875E-01
    5.75575576E+01    7.16123572E-01
    5.76576577E+01    8.01470903E-01
    5.77577578E+01    8.74775548E-01
    5.78578579E+01    9.33109247E-01
    5.79579580E+01    9.74141777E-01
    5.80580581E+01    9.96234036E-01
    5.81581582E+01    9.98503516E-01
    5.82582583E+01    9.80859560E-01
    5.83583584E+01    9.44006981E-01
    5.84584585E+01    8.89417908E-01
    5.85585586E+01    8.19272979E-01
    5.86586587E+01    7.36374234E-01
    5.87587588E+01    6.44033182E-01
    5.88588589E+01    5.45938518E-01
    5.89589590E+01    4.46008775E-01
    5.90590591E+01    3.48235789E-01
    5.91591592E+01    2.56525241E-01
    5.92592593E+01    1.74540640E-01
    5.93593594E+01    1.05556980E-01
    5.94594595E+01    5.23299101E-02
    5.95595596E+01    1.69856627E-02
    5.96596597E+01    9.36114174E-04
    5.97597598E+01    4.82238667E-03
    5.98598599E+01    2.84892375E-02
    5.99599600E+01    7.09912604E-02
    6.00600601E+01    1.30630651E-01
    6.01601602E+01    2.05025029E-01
    6.02602603E+01    2.91202605E-01
    6.03603604E+01    3.85720891E-01
    6.04604605E+01    4.84804219E-01
    6.05605606E+01    5.84494565E-01
    6.06606607E+01    6.80809654E-01
    6.07607608E+01    7.69902043E-01
    6.08608609E+01    8.48212809E-01
    6.09609610E+01    9.12613716E-01
    6.10610611E+01    9.60532178E-01
    6.11611612E+01    9.90054023E-01
    6.12612613E+01    9.99999958E-01
    6.13613614E+01    9.89972680E-01
    6.14614615E+01    9.60372742E-01
    6.15615616E+01    9.12382556E-01
    6.16616617E+01    8.47919159E-01
    6.17617618E+01    7.69557633E-01
    6.18618619E+01    6.80428242E-01
    6.19619620E+01    5.84091387E-01
    6.20620621E+01    4.84395381E-01
    6.21621622E+01    3.85322723E-01
    6.22622623E+01    2.90831014E-01
    6.23623624E+01    2.04694859E-01
    6.24624625E+01    1.30355090E-01
    6.25625626E+01    7.07813165E-02
    6.26626627E+01    2.83532972E-02
    6.27627628E+01    4.76588029E-03
    6.28628629E+01    9.61298952E-04
    6.29629630E+01    1.70915326E-02
    6.30630631E+01    5.25122359E-02
    6.31631632E+01    1.05808478E-01
    6.32632633E+01    1.74851265E-01
    6.33633634E+01    2.56882583E-01
    6.34634635E+01    3.48625575E-01
    6.35635636E+01    4.46415434E-01
    6.36636637E+01    5.46345805E-01
    6.37637638E+01    6.44424827E-01
    6.38638639E+01    7.36734593E-01
    6.39639640E+01    8.19587657E-01
    6.40640641E+01    8.89674334E-01
    6.41641642E+01    9.44194912E-01
    6.42642643E+01    9.80971489E-01
    6.43643644E+01    9.98534972E-01
    6.44644645E+01    9.96183762E-01
    6.45645646E+01    9.74011782E-01
    6.46646647E+01    9.32904722E-01
    6.47647648E+01    8.74504665E-01
    6.48648649E+01    8.01144482E-01
    6.49649650E+01    7.15754652E-01
    6.50650651E+01    6.21746194E-01
    6.51651652E+01    5.22874410E-01
    6.52652653E+01    4.23088875E-01
    6.53653654E+01    3.26375665E-01
    6.54654655E+01    2.36598127E-01
    6.55655656E+01    1.57342554E-01
    6.56656657E+01    9.17749234E-02
    6.57657658E+01    4.25144273E-02
    6.58658659E+01    1.15288470E-02
    6.59659660E+01    5.59457576E-05
    6.60660661E+01    8.55402517E-03
    6.61661662E+01    3.66836172E-02
    6.62662663E+01    8.33210452E-02
    6.63663664E+01    1.46603310E-01
    6.64664665E+01    2.24002512E-01
    6.65665666E+01    3.12426828E-01
    6.66666667E+01    4.08344022E-01
    6.67667668E+01    5.07922546E-01
    6.68668669E+01    6.07184593E-01
    6.69669670E+01    7.02164998E-01
    6.70670671E+01    7.89069632E-01
    6.71671672E+01    8.64426966E-01
    6.72672673E+01    9.25226744E-01
    6.73673674E+01    9.69040231E-01
    6.74674675E+01    9.94117235E-01
    6.75675676E+01    9.99456019E-01
    6.76676677E+01    9.84843318E-01
    6.77677678E+01    9.50862856E-01
    6.78678679E+01    8.98872033E-01
    6.79679680E+01    8.30947695E-01
    6.80680681E+01    7.49803178E-01
    6.81681682E+01    6.58679916E-01
    6.82682683E+01    5.61217958E-01
    6.83683684E+01    4.61310560E-01
    6.84684685E+01    3.62948668E-01
    6.85685686E+01    2.70061487E-01
    6.86686687E+01    1.86359529E-01
    6.87687688E+01    1.15186389E-01
    6.88688689E+01    5.93851787E-02
    6.89689690E+01    2.11849581E-02
    6.90690691E+01    2.11168937E-03
    6.91691692E+01    2.92728165E-03
    6.92692693E+01    2.35991549E-02
    6.93693694E+01    6.33015416E-02
    6.94694695E+01    1.20448473E-01
    6.95695696E+01    1.92757133E-01
    6.96696697E+01    2.77339050E-01
    6.97697698E+01    3.70815476E-01
    6.98698699E+01    4.69452363E-01
    6.99699700E+01    5.69309520E-01
    7.00700701E+01    6.66398008E-01
    7.01701702E+01    7.56839490E-01
    7.02702703E+01    8.37021150E-01
    7.03703704E+01    9.03740019E-01
    7.04704705E+01    9.54330915E-01
    7.05705706E+01    9.86772913E-01
    7.06706707E+01    9.99770070E-01
    7.07707708E+01    9.92803196E-01
    7.08708709E+01    9.66150594E-01
    7.09709710E+01    9.20876939E-01
    7.10710711E+01    8.58790752E-01
    7.11711712E+01    7.82372156E-01
    7.12712713E+01    6.94673800E-01
    7.13713714E+01    5.99198920E-01
    7.14714715E+01    4.99761398E-01
    7.15715716E+01    4.00333407E-01
    7.16716717E+01    3.04886740E-01
    7.17717718E+01    2.17234152E-01
    7.18718719E+01    1.40877050E-01
    7.19719720E+01    7.88656285E-02
    7.20720721E+01    3.36770219E-02
    7.21721722E+01    7.11635390E-03
    7.22722723E+01    2.44628429E-04
    7.23723724E+01    1.33363464E-02
    7.24724725E+01    4.58685403E-02
    7.25725726E+01    9.65416652E-02
    7.26726727E+01    1.63331511E-01
    7.27727728E+01    2.43570060E-01
    7.28728729E+01    3.34052071E-01
    7.29729730E+01    4.31163110E-01
    7.30730731E+01    5.31023936E-01
    7.31731732E+01    6.29645467E-01
    7.32732733E+01    7.23088124E-01
    7.33733734E+01    8.07619207E-01
    7.34734735E+01    8.79862000E-01
    7.35735736E+01    9.36930662E-01
    7.36736737E+01    9.76545504E-01
    7.37737738E+01    9.97124054E-01
    7.38738739E+01    9.97844272E-01
    7.39739740E+01    9.78677388E-01
    7.40740741E+01    9.40389052E-01
    7.41741742E+01    8.84508744E-01
    7.42742743E+01    8.13268684E-01
    7.43743744E+01    7.29514659E-01
    7.44744745E+01    6.36592342E-01
    7.45745746E+01    5.38213648E-01
    7.46746747E+01    4.38308456E-01
    7.47747748E+01    3.40867621E-01
    7.48748749E+01    2.49783556E-01
    7.49749750E+01    1.68694745E-01
    7.50750751E+01    1.00840397E-01
    7.51751752E+01    4.89310497E-02
    7.52752753E+01    1.50402975E-02
    7.53753754E+01    5.21954468E-04
    7.54754755E+01    5.95597670E-03
    7.55755756E+01    3.11252943E-02
    7.56756757E+01    7.50244830E-02
    7.57757758E+01    1.35899927E-01
    7.58758759E+01    2.11319869E-01
    7.59759760E+01    2.98271552E-01
    7.60760761E+01    3.93281567E-01
    7.61761762E+01    4.92554602E-01
    7.62762763E+01    5.92125054E-01
    7.63763764E+01    6.88015439E-01
    7.64764765E+01    7.76395278E-01
    7.65765766E+01    8.53734113E-01
    7.66766767E+01    9.16942532E-01
    7.67767768E+01    9.63495585E-01
    7.68768769E+01    9.91533644E-01
    7.69769770E+01    9.99936688E-01
    7.70770771E+01    9.88369046E-01
    7.71771772E+01    9.57292803E-01
    7.72772773E+01    9.07949345E-01
    7.73773774E+01    8.42309767E-01
    7.74774775E+01    7.62996135E-01
    7.75775776E+01    6.73176746E-01
    7.76776777E+01    5.76439565E-01
    7.77777778E+01    4.76648895E-01
    7.78778779E+01    3.77791019E-01
    7.79779780E+01    2.83814956E-01
    7.80780781E+01    1.98474713E-01
    7.81781782E+01    1.25179330E-01
    7.82782783E+01    6.68566941E-02
    7.83783784E+01    2.58365877E-02
    7.84784785E+01    3.75761721E-03
    7.85785786E+01    1.50175880E-03
    7.86786787E+01    1.91591259E-02
    7.87787788E+01    5.60243698E-02
    7.88788789E+01    1.10624855E-01
    7.89789790E+01    1.80779488E-01
    7.90790791E+01    2.63685842E-01
    7.91791792E+01    3.56032102E-01
    7.92792793E+01    4.54129366E-01
    7.93793794E+01    5.54058998E-01
    7.94794795E+01    6.51829166E-01
    7.95795796E+01    7.43534301E-01
    7.96796797E+01    8.25511109E-01
    7.97797798E+01    8.94484911E-01
    7.98798799E+01    9.47700448E-01
    7.99799800E+01    9.83031951E-01
    8.00800801E+01    9.99068051E-01
    8.01801802E+01    9.95168163E-01
    8.02802803E+01    9.71488075E-01
    8.03803804E+01    9.28973721E-01
    8.04804805E+01    8.69323398E-01
    8.05805806E+01    7.94919923E-01
    8.06806807E+01    7.08735450E-01
    8.07807808E+01    6.14212741E-01
    8.08808809E+01    5.15127640E-01
    8.09809810E+01    4.15438244E-01
    8.10810811E+01    3.19126789E-01
    8.11811812E+01    2.30040572E-01
    8.12812813E+01    1.51738272E-01
    8.13813814E+01    8.73477841E-02
    8.14814815E+01    3.94412796E-02
    8.15815816E+01    9.93245228E-03
    8.16816817E+01    7.43589335E-08
    8.17817818E+01    1.00409089E-02
    8.18818819E+01    3.96538604E-02
    8.19819820E+01    8.76559972E-02
    8.20820821E+01    1.52129805E-01
    8.21821822E+01    2.30499786E-01
    8.22822823E+01    3.19635338E-01
    8.23823824E+01    4.15975815E-01
    8.24824825E+01    5.15672758E-01
    8.25825826E+01    6.14743630E-01
    8.26826827E+01    7.09230904E-01
    8.27827828E+01    7.95360150E-01
    8.28828829E+01    8.69690813E-01
    8.29829830E+01    9.29253646E-01
    8.30830831E+01    9.71669329E-01
    8.31831832E+01    9.95243505E-01
    8.32832833E+01    9.99034471E-01
    8.33833834E+01    9.82890791E-01
    8.34834835E+01    9.47457347E-01
    8.35835836E+01    8.94149580E-01
    8.36836837E+01    8.25096943E-01
    8.37837838E+01    7.43057844E-01
    8.38838839E+01    6.51309451E-01
    8.39839840E+01    5.53516786E-01
    8.40840841E+01    4.53586316E-01
    8.41841842E+01    3.55509908E-01
    8.42842843E+01    2.63205363E-01
    8.43843844E+01    1.80359918E-01
    8.44844845E+01    1.10282954E-01
    8.45845846E+01    5.57737947E-02
    8.46846847E+01    1.90098870E-02
    8.47847848E+01    1.45981764E-03
    8.48848849E+01    3.82464919E-03
    8.49849850E+01    2.60099151E-02
    8.50850851E+01    6.71293932E-02
    8.51851852E+01    1.25540507E-01
    8.52852853E+01    1.98909941E-01
    8.53853854E+01    2.84306848E-01
    8.54854855E+01    3.78319927E-01
    8.55855856E+01    4.77193691E-01
    8.56856857E+01    5.76978485E-01
    8.57857858E+01    6.73688263E-01
    8.58858859E+01    7.63459816E-01
    8.59859860E+01    8.42707089E-01
    8.60860861E+01    9.08264436E-01
    8.61861862E+01    9.57513077E-01
    8.62862863E+01    9.88485703E-01
    8.63863864E+01    9.99945069E-01
    8.64864865E+01    9.91433414E-01
    8.65865866E+01    9.63290748E-01
    8.66866867E+01    9.16641270E-01
    8.67867868E+01    8.53348460E-01
    8.68868869E+01    7.75940641E-01
    8.69869870E+01    6.87509977E-01
    8.70870871E+01    5.91588960E-01
    8.71871872E+01    4.92009290E-01
    8.72872873E+01    3.92748821E-01
    8.73873874E+01    2.97772653E-01
    8.74874875E+01    2.10874746E-01
    8.75875876E+01    1.35526362E-01
    8.76876877E+01    7.47373978E-02
    8.77877878E+01    3.09361571E-02
    8.78878879E+01    5.87234280E-03
    8.79879880E+01    5.47164788E-04
    8.80880881E+01    1.51733449E-02
    8.81881882E+01    4.91666196E-02
    8.82882883E+01    1.01169079E-01
    8.83883884E+01    1.69103410E-01
    8.84884885E+01    2.50255878E-01
    8.85885886E+01    3.41384733E-01
    8.86886887E+01    4.38849702E-01
    8.87887888E+01    5.38757407E-01
    8.88888889E+01    6.37116892E-01
    8.89889890E+01    7.29999046E-01
    8.90890891E+01    8.13693560E-01
    8.91891892E+01    8.84857135E-01
    8.92892893E+01    9.40647041E-01
    8.93893894E+01    9.78834671E-01
    8.94894895E+01    9.97894565E-01
    8.95895896E+01    9.97065348E-01
    8.96896897E+01    9.76380144E-01
    8.97897898E+01    9.36665254E-01
    8.98898899E+01    8.79507145E-01
    8.99899900E+01    8.07189081E-01
    9.00900901E+01    7.22599909E-01
    9.01901902E+01    6.29118665E-01
    9.02902903E+01    5.30479592E-01
    9.03903904E+01    4.30622967E-01
    9.04904905E+01    3.33537708E-01
    9.05905906E+01    2.43102022E-01
    9.06906907E+01    1.62928494E-01
    9.07907908E+01    9.62197702E-02
    9.08908909E+01    4.56406249E-02
    9.09909910E+01    1.32115151E-02
    9.10910911E+01    2.27867770E-04
    9.11911912E+01    7.20833340E-03
    9.12912913E+01    3.38740673E-02
    9.13913914E+01    7.91598685E-02
    9.14914915E+01    1.41256731E-01
    9.15915916E+01    2.17684107E-01
    9.16916917E+01    3.05388995E-01
    9.17917918E+01    4.00867898E-01
    9.18918919E+01    5.00306774E-01
    9.19919920E+01    5.99733397E-01
    9.20920921E+01    6.95176026E-01
    9.21921922E+01    7.82822069E-01
    9.22922923E+01    8.59170380E-01
    9.23923924E+01    9.21171116E-01
    9.24924925E+01    9.66347570E-01
    9.25925926E+01    9.92895102E-01
    9.26926927E+01    9.99753235E-01
    9.27927928E+01    9.86648009E-01
    9.28928929E+01    9.54102932E-01
    9.29929930E+01    9.03418064E-01
    9.30930931E+01    8.36618084E-01
    9.31931932E+01    7.56371413E-01
    9.32932933E+01    6.65883619E-01
    9.33933934E+01    5.68769367E-01
    9.34934935E+01    4.68908024E-01
    9.35935936E+01    3.70288694E-01
    9.36936937E+01    2.76850868E-01
    9.37937938E+01    1.92327053E-01
    9.38938939E+01    1.20093675E-01
    9.39939940E+01    6.30361981E-02
    9.40940941E+01    2.34338656E-02
    9.41941942E+01    2.86864929E-03
    9.42942943E+01    2.16205611E-03
    9.43943944E+01    2.13423119E-02
    9.44944945E+01    5.96432340E-02
    9.45945946E+01    1.15534837E-01
    9.46946947E+01    1.86784451E-01
    9.47947948E+01    2.70545909E-01
    9.48948949E+01    3.63473238E-01
    9.49949950E+01    4.61854325E-01
    9.50950951E+01    5.61759195E-01
    9.51951952E+01    6.59197005E-01
    9.52952953E+01    7.50275464E-01
    9.53953954E+01    8.31356310E-01
    9.54954955E+01    8.99200655E-01
    9.55955956E+01    9.51098359E-01
    9.56956957E+01    9.84976293E-01
    9.57957958E+01    9.99481155E-01
    9.58958959E+01    9.94033528E-01
    9.59959960E+01    9.68851024E-01
    9.60960961E+01    9.24939596E-01
    9.61961962E+01    8.64053347E-01
    9.62962963E+01    7.88624467E-01
    9.63963964E+01    7.01666069E-01
    9.64964965E+01    6.06651831E-01
    9.65965966E+01    5.07377234E-01
    9.66966967E+01    4.07807942E-01
    9.67967968E+01    3.11921394E-01
    9.68968969E+01    2.23547915E-01
    9.69969970E+01    1.46217710E-01
    9.70970971E+01    8.30198450E-02
    9.71971972E+01    3.64788489E-02
    9.72972973E+01    8.45386837E-03
    9.73973974E+01    6.44014271E-05
    9.74974975E+01    1.16455773E-02
    9.75975976E+01    4.27347694E-02
    9.76976977E+01    9.20900754E-02
    9.77977978E+01    1.57739927E-01
    9.78978979E+01    2.37061847E-01
    9.79979980E+01    3.26887208E-01
    9.80980981E+01    4.23627807E-01
    9.81981982E+01    5.23419202E-01
    9.82982983E+01    6.22275084E-01
    9.83983984E+01    7.16246513E-01
    9.84984985E+01    8.01579665E-01
    9.85985986E+01    8.74865786E-01
    9.86986987E+01    9.33177357E-01
    9.87987988E+01    9.74185039E-01
    9.88988989E+01    9.96250720E-01
    9.89989990E+01    9.98492957E-01
    9.90990991E+01    9.80822179E-01
    9.91991992E+01    9.43944271E-01
    9.92992993E+01    8.89332374E-01
    9.93993994E+01    8.19168039E-01
    9.94994995E+01    7.36254079E-01
    9.95995996E+01    6.43902612E-01
    9.96996997E+01    5.45802749E-01
    9.97997998E+01    4.45873230E-01
    9.98998999E+01    3.48105882E-01
    1.00000000E+02    2.56406162E-01
