  1.11803399E-01
  3.35410197E-01
  5.59016994E-01
  7.82623792E-01
  1.00623059E+00
  1.22983739E+00
  1.45344419E+00
  1.67705098E+00
  1.90065778E+00
  2.12426458E+00
  2.34787138E+00
  2.57147817E+00
  2.79508497E+00
  3.01869177E+00
  3.24229857E+00
  3.46590537E+00
  3.68951216E+00
  3.91311896E+00
  4.13672576E+00
  4.36033256E+00
  4.58393935E+00
  4.80754615E+00
  5.03115295E+00
  5.25475975E+00
  5.47836654E+00
  5.70197334E+00
  5.92558014E+00
  6.14918694E+00
  6.37279374E+00
  6.59640053E+00
  6.82000733E+00
  7.04361413E+00
  7.26722093E+00
  7.49082772E+00
  7.71443452E+00
  7.93804132E+00
  8.16164812E+00
  8.38525492E+00
  8.60886171E+00
  8.83246851E+00
  9.05607531E+00
  9.27968211E+00
  9.50328890E+00
  9.72689570E+00
  9.95050250E+00
  1.01741093E+01
  1.03977161E+01
  1.06213229E+01
  1.08449297E+01
  1.10685365E+01
